0.000000
0.000000
0.000000
0.000000
0.000000
0.000000
0.000000
0.000000
0.000000
0.000000
0.000000
0.000000
0.000000
0.000000
0.000000
0.000000
0.000000
0.000000
0.000000
0.000000
0.000000
0.000000
0.000000
0.000000
0.000000
0.000000
0.000000
0.000000
0.000000
0.000000
0.000000
0.000000
0.000000
0.000000
0.000000
0.000000
0.000000
0.000000
0.000000
0.000000
0.000000
0.000000
0.000000
0.000000
0.000000
0.000000
0.000000
0.000000
0.000000
0.000000
0.000000
0.000000
0.000000
0.000000
0.000000
0.000000
0.000000
0.000000
0.000000
0.000000
0.000000
0.000000
0.000000
0.000000
0.000000
0.000000
0.000000
0.000000
0.000000
0.337255
0.486275
0.513726
0.400000
0.180392
0.000000
0.000000
0.000000
0.000000
0.000000
0.000000
0.000000
0.000000
0.000000
0.000000
0.000000
0.000000
0.000000
0.000000
0.000000
0.000000
0.000000
0.000000
0.000000
0.000000
0.207843
0.725490
0.929412
1.000000
1.000000
1.000000
1.000000
0.988235
0.878431
0.654902
0.000000
0.000000
0.000000
0.000000
0.000000
0.000000
0.000000
0.000000
0.000000
0.000000
0.000000
0.000000
0.000000
0.000000
0.000000
0.000000
0.000000
0.486275
0.941176
1.000000
1.000000
1.000000
1.000000
1.000000
1.000000
1.000000
1.000000
0.898039
0.000000
0.000000
0.000000
0.000000
0.000000
0.000000
0.000000
0.000000
0.000000
0.000000
0.000000
0.000000
0.000000
0.000000
0.000000
0.000000
0.470588
0.968627
1.000000
1.000000
0.921569
0.713726
0.576471
0.525490
0.600000
0.745098
0.933333
0.898039
0.000000
0.000000
0.000000
0.000000
0.000000
0.000000
0.000000
0.000000
0.000000
0.000000
0.000000
0.000000
0.000000
0.000000
0.000000
0.196078
0.933333
1.000000
1.000000
0.745098
0.109804
0.000000
0.000000
0.000000
0.000000
0.000000
0.000000
0.400000
0.000000
0.000000
0.000000
0.000000
0.000000
0.000000
0.000000
0.000000
0.000000
0.000000
0.000000
0.000000
0.000000
0.000000
0.000000
0.733333
1.000000
1.000000
0.807843
0.000000
0.000000
0.000000
0.000000
0.000000
0.000000
0.000000
0.000000
0.000000
0.000000
0.000000
0.000000
0.000000
0.000000
0.000000
0.000000
0.000000
0.000000
0.000000
0.000000
0.000000
0.000000
0.000000
0.133333
0.956863
1.000000
0.988235
0.317647
0.000000
0.000000
0.000000
0.000000
0.000000
0.000000
0.000000
0.000000
0.000000
0.000000
0.000000
0.000000
0.000000
0.000000
0.000000
0.000000
0.000000
0.000000
0.000000
0.000000
0.000000
0.000000
0.000000
0.576471
1.000000
1.000000
0.839216
0.000000
0.000000
0.000000
0.000000
0.000000
0.000000
0.000000
0.000000
0.000000
0.000000
0.000000
0.000000
0.000000
0.000000
0.000000
0.000000
0.000000
0.000000
0.000000
0.000000
0.000000
0.000000
0.000000
0.000000
0.749020
1.000000
1.000000
0.674510
0.000000
0.050980
0.513726
0.654902
0.678431
0.607843
0.337255
0.000000
0.000000
0.000000
0.000000
0.000000
0.000000
0.000000
0.000000
0.000000
0.000000
0.000000
0.000000
0.000000
0.000000
0.000000
0.000000
0.000000
0.862745
1.000000
1.000000
0.505882
0.568627
0.937255
1.000000
1.000000
1.000000
1.000000
1.000000
0.858824
0.431373
0.000000
0.000000
0.000000
0.000000
0.000000
0.000000
0.000000
0.000000
0.000000
0.000000
0.000000
0.000000
0.000000
0.000000
0.000000
0.913725
1.000000
1.000000
0.725490
1.000000
1.000000
1.000000
0.968627
0.976471
1.000000
1.000000
1.000000
0.976471
0.525490
0.000000
0.000000
0.000000
0.000000
0.000000
0.000000
0.000000
0.000000
0.000000
0.000000
0.000000
0.000000
0.000000
0.000000
0.941176
1.000000
1.000000
0.996078
1.000000
0.803922
0.376471
0.000000
0.000000
0.470588
0.878431
1.000000
1.000000
0.960784
0.317647
0.000000
0.000000
0.000000
0.000000
0.000000
0.000000
0.000000
0.000000
0.000000
0.000000
0.000000
0.000000
0.000000
0.949020
1.000000
1.000000
1.000000
0.784314
0.000000
0.000000
0.000000
0.000000
0.000000
0.149020
0.894118
1.000000
1.000000
0.752941
0.000000
0.000000
0.000000
0.000000
0.000000
0.000000
0.000000
0.000000
0.000000
0.000000
0.000000
0.000000
0.000000
0.929412
1.000000
1.000000
0.984314
0.270588
0.000000
0.000000
0.000000
0.000000
0.000000
0.000000
0.517647
1.000000
1.000000
0.941176
0.000000
0.000000
0.000000
0.000000
0.000000
0.000000
0.000000
0.000000
0.000000
0.000000
0.000000
0.000000
0.000000
0.901961
1.000000
1.000000
0.870588
0.000000
0.000000
0.000000
0.000000
0.000000
0.000000
0.000000
0.050980
0.968627
1.000000
1.000000
0.309804
0.000000
0.000000
0.000000
0.000000
0.000000
0.000000
0.000000
0.000000
0.000000
0.000000
0.000000
0.000000
0.827451
1.000000
1.000000
0.803922
0.000000
0.000000
0.000000
0.000000
0.000000
0.000000
0.000000
0.000000
0.913725
1.000000
1.000000
0.443137
0.000000
0.000000
0.000000
0.000000
0.000000
0.000000
0.000000
0.000000
0.000000
0.000000
0.000000
0.000000
0.725490
1.000000
1.000000
0.803922
0.000000
0.000000
0.000000
0.000000
0.000000
0.000000
0.000000
0.000000
0.917647
1.000000
1.000000
0.439216
0.000000
0.000000
0.000000
0.000000
0.000000
0.000000
0.000000
0.000000
0.000000
0.000000
0.000000
0.000000
0.521569
1.000000
1.000000
0.874510
0.000000
0.000000
0.000000
0.000000
0.000000
0.000000
0.000000
0.050980
0.972549
1.000000
1.000000
0.294118
0.000000
0.000000
0.000000
0.000000
0.000000
0.000000
0.000000
0.000000
0.000000
0.000000
0.000000
0.000000
0.086275
0.956863
1.000000
0.984314
0.286275
0.000000
0.000000
0.000000
0.000000
0.000000
0.000000
0.529412
1.000000
1.000000
0.925490
0.000000
0.000000
0.000000
0.000000
0.000000
0.000000
0.000000
0.000000
0.000000
0.000000
0.000000
0.000000
0.000000
0.000000
0.705882
1.000000
1.000000
0.796078
0.000000
0.000000
0.000000
0.000000
0.000000
0.180392
0.901961
1.000000
1.000000
0.713726
0.000000
0.000000
0.000000
0.000000
0.000000
0.000000
0.000000
0.000000
0.000000
0.000000
0.000000
0.000000
0.000000
0.000000
0.196078
0.929412
1.000000
1.000000
0.819608
0.415686
0.000000
0.050980
0.501961
0.890196
1.000000
1.000000
0.933333
0.239216
0.000000
0.000000
0.000000
0.000000
0.000000
0.000000
0.000000
0.000000
0.000000
0.000000
0.000000
0.000000
0.000000
0.000000
0.000000
0.400000
0.952941
1.000000
1.000000
1.000000
0.984314
0.988235
1.000000
1.000000
1.000000
0.945098
0.431373
0.000000
0.000000
0.000000
0.000000
0.000000
0.000000
0.000000
0.000000
0.000000
0.000000
0.000000
0.000000
0.000000
0.000000
0.000000
0.000000
0.000000
0.301961
0.815686
0.984314
1.000000
1.000000
1.000000
1.000000
0.988235
0.800000
0.325490
0.000000
0.000000
0.000000
0.000000
0.000000
0.000000
0.000000
0.000000
0.000000
0.000000
0.000000
0.000000
0.000000
0.000000
0.000000
0.000000
0.000000
0.000000
0.000000
0.000000
0.270588
0.564706
0.650980
0.647059
0.552941
0.231373
0.000000
0.000000
0.000000
0.000000
0.000000
0.000000
0.000000
0.000000
0.000000
0.000000
0.000000
0.000000
0.000000
0.000000
0.000000
0.000000
0.000000
0.000000
0.000000
0.000000
0.000000
0.000000
0.000000
0.000000
0.000000
0.000000
0.000000
0.000000
0.000000
0.000000
0.000000
0.000000
0.000000
0.000000
0.000000
0.000000
0.000000
0.000000
0.000000
0.000000
0.000000
0.000000
0.000000
0.000000
0.000000
0.000000
0.000000
0.000000
0.000000
0.000000
0.000000
0.000000
0.000000
0.000000
0.000000
0.000000
0.000000
0.000000
0.000000
0.000000
0.000000
0.000000
0.000000
0.000000
0.000000
0.000000
0.000000
