[
    [
        0.3392622172832489,
        0.2914676368236542,
        -0.20846356451511383,
        -0.20638228952884674,
        -0.07140672206878662,
        -0.08306798338890076,
        -0.003156304359436035,
        -0.05671384930610657,
        0.394448846578598,
        -0.13449883460998535,
        -0.3877604603767395,
        0.17204120755195618,
        -0.21623380482196808,
        -0.41840335726737976,
        0.05709376931190491,
        -0.017022550106048584
    ],
    [
        -0.30925706028938293,
        -0.4274253249168396,
        -0.06241222470998764,
        0.5724934935569763,
        -0.34922999143600464,
        0.49284622073173523,
        0.345131516456604,
        -0.09107819199562073,
        -0.20319800078868866,
        0.3234637677669525,
        -0.32414326071739197,
        -0.21453160047531128,
        -0.4125711917877197,
        0.40250614285469055,
        0.2697903513908386,
        -0.09712046384811401
    ],
    [
        -0.11454463005065918,
        -0.32937344908714294,
        0.05063289403915405,
        0.34042468667030334,
        -0.2774038314819336,
        0.18234792351722717,
        -0.39622166752815247,
        -0.03599867224693298,
        -0.3662348687648773,
        -0.3509010970592499,
        0.2648479640483856,
        -0.03746187686920166,
        -0.2636018991470337,
        -0.10468289256095886,
        -0.01284492015838623,
        0.3884320557117462
    ],
    [
        0.17826667428016663,
        -0.11057037115097046,
        -0.34202438592910767,
        -0.2729818820953369,
        0.14053234457969666,
        0.0140265803784132,
        -0.08242528885602951,
        -0.6127313375473022,
        0.2678724229335785,
        0.10864861309528351,
        -0.34945791959762573,
        0.266973078250885,
        -0.24589663743972778,
        -0.8814228177070618,
        0.29881927371025085,
        -0.08062678575515747
    ],
    [
        -0.023810476064682007,
        0.12092503905296326,
        0.32449954748153687,
        -0.2687970697879791,
        -0.3524281084537506,
        0.3646259605884552,
        -0.43491509556770325,
        -0.4679378271102905,
        -0.11900230497121811,
        0.29695916175842285,
        -0.6250213980674744,
        0.34838125109672546,
        0.27506330609321594,
        -0.6708040833473206,
        -0.41433998942375183,
        0.3415686786174774
    ],
    [
        0.37202879786491394,
        0.13744989037513733,
        0.05699536204338074,
        0.1358235776424408,
        0.2479119598865509,
        -0.04925188422203064,
        -0.31854066252708435,
        0.4287046492099762,
        0.4327244460582733,
        -0.31541377305984497,
        0.37841036915779114,
        0.17037835717201233,
        -0.2404363602399826,
        0.2683872878551483,
        0.18649712204933167,
        0.13838937878608704
    ],
    [
        -0.08335459232330322,
        -0.11875435709953308,
        -0.03047339618206024,
        0.19459393620491028,
        -0.2774617373943329,
        0.8862883448600769,
        0.828033447265625,
        0.6157695055007935,
        0.004030054900795221,
        0.7199180722236633,
        0.4367431104183197,
        -0.4488518238067627,
        -0.28265121579170227,
        0.23165951669216156,
        0.5704753994941711,
        0.10401253402233124
    ],
    [
        0.3529495298862457,
        0.008886128664016724,
        -0.27529197931289673,
        0.10151359438896179,
        0.37817439436912537,
        0.19110962748527527,
        -0.07736644148826599,
        0.01031339168548584,
        0.1983495056629181,
        0.16996023058891296,
        0.4016728699207306,
        0.1047077476978302,
        0.2667768895626068,
        0.1123373806476593,
        -0.30080607533454895,
        -0.2701027989387512
    ],
    [
        0.034405916929244995,
        -0.261163592338562,
        -0.029666082933545113,
        0.2682110667228699,
        0.11899551749229431,
        -0.17261363565921783,
        0.29943612217903137,
        -0.16574764251708984,
        -0.007907211780548096,
        -0.9026845693588257,
        -0.12546592950820923,
        0.8251917362213135,
        -0.28874701261520386,
        0.5260326862335205,
        0.1402016580104828,
        -0.20467938482761383
    ],
    [
        -0.38310742378234863,
        -0.13416320085525513,
        -0.2649576663970947,
        0.16107164323329926,
        0.28438231348991394,
        0.23627178370952606,
        -0.4429135024547577,
        0.1697046309709549,
        0.15275442600250244,
        -0.13973164558410645,
        -0.05687648430466652,
        -0.1731698215007782,
        0.18320807814598083,
        0.1604844033718109,
        -0.5793536901473999,
        -0.4230808615684509
    ],
    [
        0.2736336290836334,
        -0.39858728647232056,
        0.26580145955085754,
        0.09424653649330139,
        0.2266511619091034,
        -0.07205206155776978,
        -0.2289862036705017,
        -0.3984934389591217,
        0.2736895978450775,
        -0.29875123500823975,
        0.39923200011253357,
        -0.4058322310447693,
        0.0012949109077453613,
        0.3055596649646759,
        0.4063272774219513,
        -0.10483402013778687
    ],
    [
        0.15325215458869934,
        0.3034665286540985,
        0.2334715873003006,
        -0.0841674879193306,
        0.11738327145576477,
        -0.10197131335735321,
        0.39567649364471436,
        0.08057844638824463,
        -0.38149508833885193,
        -0.3696250319480896,
        0.061986085027456284,
        0.04884730651974678,
        -0.19476240873336792,
        -0.00609239749610424,
        0.19464081525802612,
        -0.24835464358329773
    ],
    [
        -0.31796324253082275,
        -0.08492782711982727,
        0.2965218126773834,
        0.2365887463092804,
        0.1981525719165802,
        -0.17645424604415894,
        0.3164277970790863,
        -0.1497030258178711,
        -0.3081413507461548,
        0.15177872776985168,
        -0.11297786235809326,
        0.10307791829109192,
        -0.20218317210674286,
        0.3794272840023041,
        -0.03986936807632446,
        0.3444291055202484
    ],
    [
        0.17323216795921326,
        -0.07963636517524719,
        0.24300667643547058,
        0.21209487318992615,
        0.1555233895778656,
        0.04746133089065552,
        0.027283906936645508,
        -0.28197965025901794,
        0.2853345572948456,
        -0.13510647416114807,
        -0.24294793605804443,
        0.3832421600818634,
        0.20825305581092834,
        0.3981355130672455,
        -0.07051557302474976,
        0.4049548804759979
    ],
    [
        -0.20815137028694153,
        -0.1365734040737152,
        0.09741398692131042,
        0.41259703040122986,
        -0.3969792425632477,
        0.19171050190925598,
        -0.41839540004730225,
        -0.11982813477516174,
        0.045298874378204346,
        0.13475659489631653,
        -0.2488749474287033,
        -0.04409173130989075,
        -0.011270016431808472,
        -0.057777613401412964,
        -0.15829482674598694,
        0.39972755312919617
    ],
    [
        -0.2996150255203247,
        -0.1522928774356842,
        -0.18188773095607758,
        -0.6648941040039062,
        0.17089059948921204,
        -0.7405207753181458,
        -0.6423653364181519,
        0.03042823262512684,
        0.10026487708091736,
        -1.0951762199401855,
        0.2731955349445343,
        0.5595554113388062,
        0.16005423665046692,
        -0.06393557786941528,
        -0.626542329788208,
        0.08860436081886292
    ]
]