0.6405063
0.2472792
0.1598937
0.841481
0.026159346
0.79656965
0.6991643
0.8779869
0.7051042
0.70830774
0.817823
0.2075973
0.50577056
0.0678609
0.41579217
0.011078986
0.33128032
0.3458492
0.21956019
0.3813997
0.76687515
0.15944187
0.954296
0.6558514
0.7201219
0.921243
0.85772467
0.33289093
0.95807564
0.54587656
0.49652252
0.059657376
0.9253697
0.936407
0.13665374
0.85359305
0.6929306
0.43556586
0.044126507
0.62043166
0.04151567
0.45702672
0.77125025
0.6771549
0.9781258
0.7805327
0.6420791
0.99351716
0.4876561
0.25227162
0.61511177
0.1852043
0.4086872
0.872344
0.35861048
0.1261627
0.101069815
0.34370315
0.8813372
0.8884895
0.62881577
0.84257203
0.08853996
0.13557974
0.48254108
0.34498608
0.6021104
0.4792276
0.48431867
0.8603956
0.3467915
0.02798673
0.8956977
0.48150632
0.32094374
0.064152665
0.89155775
0.39043057
0.36295536
0.046724334
0.4830726
0.5864214
0.4693102
0.13920492
0.87703323
0.5722814
0.5144856
0.59406674
0.004086699
0.10376417
0.5271967
0.43721694
0.3168212
0.8637216
0.74123037
0.2987668
0.19489641
0.29365417
0.1609876
0.66784245
0.28242126
0.07599483
0.010049885
0.08314151
0.99488765
0.2569834
0.36577705
0.18903103
0.40391085
0.70031935
0.35213342
0.649936
0.48735312
0.19501567
0.5496238
0.13292842
0.15171793
0.77816004
0.04228864
0.32645965
0.91001856
0.22918731
0.7011967
0.15034771
0.79756135
0.38341263
0.34643945
0.32095677
0.66269904
0.32988477
0.9517798
0.15503564
0.79157937
0.02642254
0.4120618
0.29174915
0.6434414
0.6045541
0.73257536
0.3356959
0.6594094
0.9762688
0.37967902
0.28245676
0.5919302
0.89711607
0.46844697
0.47960636
0.75854677
0.15089254
0.3655368
0.023094287
0.7576565
0.23072726
0.0063696876
0.9563623
0.55745584
0.87518823
0.42107445
0.8343814
0.51949346
0.97588944
0.62043905
0.24302766
0.15165931
0.18180153
0.20120049
0.300792
0.079448424
0.52260834
0.5361416
0.74607116
0.09220132
0.16203031
0.028713712
0.9943169
0.15858413
0.54208827
0.6931935
0.3373027
0.8787005
0.58204746
0.10182414
0.23474728
0.4737535
0.93709916
0.84661204
0.30850673
0.8843368
0.82042384
0.80178195
0.829568
0.35220507
0.7583753
0.45133057
0.5372681
0.9625732
0.5595982
0.92425114
0.5276218
0.9764817
0.4591149
0.49711522
0.68212587
0.3308826
0.22075747
0.65373224
0.3863106
0.2793208
0.85575104
0.9662494
0.34126267
0.28841445
0.96914035
0.38524142
0.3072507
0.8107506
0.812835
0.9890376
0.3248492
0.4441909
0.39242485
0.97340244
0.042289164
0.44437468
0.25404018
0.7594404
0.45680237
0.7258305
0.028638745
0.5276257
0.39714935
0.18089092
0.48172206
0.94166684
0.47549105
0.26733407
0.543891
0.9981252
0.8860042
0.081058875
0.57954925
0.51105684
0.9198261
0.39524207
0.5059503
0.3128661
0.0015634946
0.7017334
0.60349476
0.8167831
0.8761511
0.9447315
0.9922523
0.83146816
0.49881074
0.70647615
0.41955715
0.12932892
0.31100702
0.097693
0.6786105
0.42295957
0.4001634
0.19714381
0.11859199
0.33243963
0.7531128
0.053500824
0.11087072
0.5570845
0.023288416
0.28117827
0.8118886
0.5794171
0.10874438
0.94341713
0.13055363
0.06568093
0.53915024
0.48752937
0.5172767
0.8555059
0.4431952
0.3136002
0.74706507
0.581626
0.16034847
0.0006000692
0.26798218
0.7502931
0.5631016
0.22185636
0.54587525
0.8297986
0.23400424
0.78258824
0.30065826
0.5321444
0.26699948
0.8422407
0.58647037
0.7870121
0.091833465
0.07782788
0.09388245
0.2417281
0.8536219
0.930924
0.59668493
0.61180043
0.22480983
0.9352042
0.14860205
0.06651675
0.7393246
0.54839015
0.16833286
0.5441381
0.484658
0.13986817
0.7658858
0.46334302
0.73416406
0.022822995
0.75247556
0.8843148
0.8225891
0.6156145
0.9066876
0.2671438
0.80902535
0.037162796
0.9203762
0.5696815
0.96243614
0.90637535
0.41423577
0.7319425
0.17894915
0.5662823
0.025581758
0.33815604
0.721898
0.6968383
0.62524813
0.64638865
0.3468609
0.41063043
0.9435463
0.678787
0.1771425
0.50000685
0.65636456
0.44196406
0.5984202
0.5994185
0.44877923
0.19358812
0.45776352
0.45257312
0.86742
0.724713
0.47908962
0.08309388
0.8726577
0.02938146
0.413924
0.22497348
0.48868418
0.41532576
0.45303538
0.46542493
0.3654202
0.0032596528
0.7981632
0.80760205
0.088663206
0.5972808
0.46279964
0.98338705
0.48639828
0.92592496
0.16933934
0.73053086
0.26651713
0.44420394
0.64665294
0.16354105
0.81736964
0.93946403
0.04898983
0.042161394
0.6982387
0.50643456
0.9034817
0.031755034
0.42535034
0.16768716
0.9208406
0.047855433
0.7009091
0.38256875
0.7915611
0.55265206
0.0077623744
0.5380037
0.70130163
0.89444
0.84909976
0.29184803
0.68188465
0.546785
0.18059848
0.65406346
0.47835705
0.32622054
0.7107269
0.9763534
0.48424554
0.15905793
0.69821024
0.4925338
0.9388008
0.30147287
0.47201738
0.09989163
0.2032316
0.34860778
0.72061956
0.7229614
0.2859052
0.33360618
0.10720481
0.26281127
0.882184
0.9214821
0.3107368
0.45087355
0.5378756
0.7996102
0.58233917
0.8309081
0.529313
0.3386091
0.6496325
0.8175825
0.8558159
0.16427408
0.8992061
0.73529816
0.16376165
0.14007205
0.14326532
0.905019
0.5753384
0.5578869
0.38676116
0.22959657
0.4532064
0.8272095
0.67163277
0.42403305
0.107250236
0.4994643
0.5769503
0.44740564
0.17948829
0.030239671
0.076744124
0.02083254
0.8633355
0.029780224
0.14020613
0.08324872
0.091767274
0.11614581
0.9535517
0.024392849
0.01795165
0.7113667
0.9284652
0.096639514
0.9222859
0.10133939
0.22928022
0.29738033
0.5362322
0.14253981
0.64758533
0.47552624
0.47103608
0.37072635
0.87643164
0.27559683
0.79465026
0.0023880312
0.7690095
0.41017118
0.8491186
0.31922406
0.22383651
0.7081954
0.22814901
0.0074128495
0.44047335
0.19679613
0.0721286
0.5692766
0.16471018
0.30977485
0.27780947
0.48744857
0.6089832
0.59167075
0.68443304
0.8061373
0.12329898
0.5315851
0.5335634
0.9174237
0.26687446
0.33975306
0.9077531
0.8538815
0.077781655
0.62845623
0.23560104
0.3467717
0.14829417
0.7755249
0.552307
0.68859047
0.26694274
0.5759376
0.7380479
0.20576003
0.9435064
0.016865818
0.8524592
0.20900421
0.5361759
0.96107507
0.07927761
0.6539869
0.63882667
0.029440653
0.24420443
0.84024334
0.2517826
0.20763494
0.30649665
0.23898765
0.58542854
0.25062284
0.52588826
0.84923714
0.6940046
0.69561934
0.52462035
0.2736607
0.9555531
0.8106707
0.14468786
0.7893102
0.5823
0.19557875
0.36679962
0.77900916
0.69515795
0.76942897
0.5553542
0.07792885
0.45307472
0.9241424
0.8720312
0.6651621
0.2028038
0.9716881
0.34541532
0.014606497
0.11540631
0.5066221
0.1821021
0.36814472
0.81490874
0.42021146
0.3417766
0.939523
0.9649083
0.4113777
0.7025498
0.39241588
0.9083455
0.94046247
0.41296345
0.9370404
0.1997197
0.89080596
0.37378243
0.3466717
0.60210216
0.5576804
0.7333219
0.04364936
0.012872376
0.6132189
0.92780465
0.34489274
0.44976795
0.1706427
0.45650983
0.6191013
0.5637916
0.7799296
0.358119
0.14052433
0.30654144
0.80132735
0.023126999
0.9240297
0.36213517
0.44282886
0.6117166
0.84499454
0.9882325
0.84005195
0.038094763
0.41738254
0.5255845
0.72449565
0.26936054
0.017593415
0.45620826
0.5285765
0.5839242
0.11114425
0.7426868
0.95695764
0.2826772
0.5456875
0.97144943
0.7330125
0.16985025
0.42766267
0.53490347
0.5848735
0.69909704
0.620554
0.23484494
0.5080787
0.7047042
0.85538346
0.8215919
0.873027
0.39926544
0.64286447
0.13458581
0.28606895
0.8702918
0.6724087
0.075373605
0.44078994
0.18334438
0.66057175
0.5404418
0.25770646
0.8295747
0.326114
0.36062726
0.82891566
0.7006637
0.428704
0.44677907
0.31077304
0.08261758
0.06492634
0.32188225
0.85345346
0.31617334
0.47639024
0.77432334
0.8116526
0.23343047
0.4951164
0.14235523
0.6937965
0.2553191
0.19391112
0.65735453
0.3918906
0.25232613
0.09692064
0.1348989
0.52105814
0.10377914
0.14737631
0.4328127
0.39628905
0.09952067
0.05380688
0.14368033
0.27780265
0.88022083
0.14925988
0.5200284
0.18196659
0.023118822
0.3677376
0.3738371
0.9838694
0.904322
0.7299643
0.24467503
0.8581666
0.16506852
0.80221206
0.75967616
0.4634156
0.94504905
0.21606839
0.4074607
0.06249087
0.081446044
0.890996
0.5896639
0.6480733
0.26759124
0.27466437
0.6475431
0.7474645
0.532822
0.6749029
0.8775907
0.4052791
0.026869498
0.43192303
0.61722636
0.019068234
0.68678504
0.38278037
0.23389548
0.91641927
0.98987913
0.77227694
0.8033159
0.32652125
0.33595672
0.6485065
0.2253164
0.24578008
0.8598954
0.89856136
0.64433867
0.9840799
0.72679996
0.8871854
0.6079163
0.24707079
0.38846523
0.84428775
0.45330134
0.68910116
0.3968999
0.34079635
0.6146554
0.76667804
0.38140708
0.5762074
0.21510145
0.7378606
0.9400055
0.37724268
0.22437319
0.99873203
0.64644295
0.73868996
0.72205997
0.8177173
0.020375598
0.32970506
0.18121278
0.24991533
0.13991636
