0.000000
0.000000
0.439216
0.901961
0.988235
0.901961
0.415686
0.000000
0.000000
0.000000
0.894118
0.741176
0.278431
0.741176
0.878431
0.000000
0.000000
0.372549
0.984314
0.196078
0.000000
0.196078
0.984314
0.337255
0.000000
0.517647
0.933333
0.000000
0.000000
0.000000
0.933333
0.498039
0.000000
0.517647
0.933333
0.000000
0.000000
0.000000
0.933333
0.498039
0.000000
0.372549
0.984314
0.196078
0.000000
0.196078
0.984314
0.337255
0.000000
0.000000
0.898039
0.741176
0.278431
0.741176
0.882353
0.000000
0.000000
0.000000
0.447059
0.905882
0.992157
0.901961
0.427451
0.000000
