0.000000
0.000000
0.905882
1.000000
1.000000
0.505882
0.000000
0.000000
0.000000
0.000000
0.000000
0.000000
0.937255
0.505882
0.000000
0.000000
0.000000
0.000000
0.000000
0.000000
0.937255
0.505882
0.000000
0.000000
0.000000
0.000000
0.000000
0.000000
0.937255
0.505882
0.000000
0.000000
0.000000
0.000000
0.000000
0.000000
0.937255
0.505882
0.000000
0.000000
0.000000
0.000000
0.000000
0.000000
0.937255
0.505882
0.000000
0.000000
0.000000
0.000000
0.000000
0.000000
0.937255
0.505882
0.000000
0.000000
0.000000
0.000000
0.823529
1.000000
1.000000
1.000000
0.996078
0.000000
