0.000000
0.050980
0.658824
0.933333
0.976471
0.854902
0.360784
0.000000
0.000000
0.400000
0.800000
0.423529
0.278431
0.823529
0.847059
0.000000
0.000000
0.000000
0.000000
0.000000
0.000000
0.584314
0.901961
0.000000
0.000000
0.000000
0.000000
0.000000
0.086275
0.858824
0.694118
0.000000
0.000000
0.000000
0.000000
0.050980
0.800000
0.807843
0.050980
0.000000
0.000000
0.000000
0.109804
0.815686
0.807843
0.050980
0.000000
0.000000
0.000000
0.133333
0.835294
0.803922
0.050980
0.000000
0.000000
0.000000
0.000000
0.470588
1.000000
1.000000
1.000000
1.000000
0.952941
0.000000
