0.000000
0.000000
0.560784
0.909804
0.984314
0.901961
0.509804
0.000000
0.000000
0.000000
0.803922
0.458824
0.207843
0.709804
0.929412
0.000000
0.000000
0.000000
0.000000
0.000000
0.180392
0.694118
0.878431
0.000000
0.000000
0.000000
0.000000
0.898039
1.000000
0.952941
0.431373
0.000000
0.000000
0.000000
0.000000
0.000000
0.231373
0.709804
0.933333
0.086275
0.000000
0.000000
0.000000
0.000000
0.000000
0.164706
1.000000
0.309804
0.000000
0.415686
0.741176
0.345098
0.278431
0.729412
0.937255
0.000000
0.000000
0.086275
0.701961
0.949020
0.972549
0.866667
0.447059
0.000000
