0.000000
0.000000
0.000000
0.000000
0.713726
1.000000
0.521569
0.000000
0.000000
0.000000
0.000000
0.443137
0.866667
0.933333
0.521569
0.000000
0.000000
0.000000
0.109804
0.878431
0.400000
0.929412
0.521569
0.000000
0.000000
0.000000
0.725490
0.678431
0.000000
0.929412
0.521569
0.000000
0.000000
0.458824
0.866667
0.050980
0.000000
0.929412
0.521569
0.000000
0.000000
0.713726
1.000000
1.000000
1.000000
1.000000
1.000000
0.647059
0.000000
0.000000
0.000000
0.000000
0.000000
0.929412
0.521569
0.000000
0.000000
0.000000
0.000000
0.000000
0.000000
0.929412
0.521569
0.000000
