0.000000
0.000000
0.913725
1.000000
1.000000
1.000000
0.705882
0.000000
0.000000
0.000000
0.913725
0.470588
0.000000
0.000000
0.000000
0.000000
0.000000
0.000000
0.913725
0.470588
0.000000
0.000000
0.000000
0.000000
0.000000
0.000000
0.913725
0.972549
0.976471
0.862745
0.407843
0.000000
0.000000
0.000000
0.000000
0.000000
0.301961
0.780392
0.898039
0.000000
0.000000
0.000000
0.000000
0.000000
0.000000
0.352941
0.992157
0.050980
0.000000
0.000000
0.000000
0.000000
0.301961
0.780392
0.898039
0.000000
0.000000
0.431373
1.000000
1.000000
0.972549
0.854902
0.396078
0.000000
