0.000000
0.000000
0.180392
0.784314
0.968627
1.000000
0.898039
0.000000
0.000000
0.000000
0.772549
0.886275
0.407843
0.000000
0.000000
0.000000
0.000000
0.207843
0.988235
0.431373
0.000000
0.000000
0.000000
0.000000
0.000000
0.447059
0.968627
0.760784
0.984314
0.937255
0.623529
0.000000
0.000000
0.466667
1.000000
0.725490
0.231373
0.556863
0.980392
0.364706
0.000000
0.286275
1.000000
0.325490
0.000000
0.000000
0.921569
0.552941
0.000000
0.000000
0.862745
0.725490
0.219608
0.556863
0.976471
0.352941
0.000000
0.000000
0.388235
0.886275
0.988235
0.933333
0.596078
0.000000
