0.000000
0.337255
1.000000
1.000000
1.000000
1.000000
0.988235
0.196078
0.000000
0.000000
0.000000
0.000000
0.000000
0.701961
0.831373
0.000000
0.000000
0.000000
0.000000
0.000000
0.000000
0.925490
0.552941
0.000000
0.000000
0.000000
0.000000
0.000000
0.517647
0.941176
0.050980
0.000000
0.000000
0.000000
0.000000
0.000000
0.811765
0.733333
0.000000
0.000000
0.000000
0.000000
0.000000
0.250980
0.976471
0.376471
0.000000
0.000000
0.000000
0.000000
0.000000
0.666667
0.866667
0.000000
0.000000
0.000000
0.000000
0.000000
0.000000
0.901961
0.611765
0.000000
0.000000
0.000000
