0.000000
0.000000
0.611765
0.933333
0.988235
0.933333
0.607843
0.000000
0.000000
0.133333
0.984314
0.584314
0.180392
0.592157
0.984314
0.133333
0.000000
0.050980
0.937255
0.584314
0.164706
0.592157
0.937255
0.000000
0.000000
0.000000
0.513726
0.972549
1.000000
0.972549
0.509804
0.000000
0.000000
0.250980
0.956863
0.603922
0.207843
0.607843
0.956863
0.239216
0.000000
0.498039
0.949020
0.000000
0.000000
0.000000
0.952941
0.494118
0.000000
0.301961
0.984314
0.596078
0.207843
0.600000
0.980392
0.294118
0.000000
0.000000
0.603922
0.929412
0.984314
0.929412
0.596078
0.000000
