0.000000
0.000000
0.607843
0.933333
0.984314
0.874510
0.364706
0.000000
0.000000
0.360784
0.976471
0.552941
0.219608
0.733333
0.847059
0.000000
0.000000
0.556863
0.917647
0.000000
0.000000
0.333333
0.996078
0.250980
0.000000
0.364706
0.980392
0.541176
0.219608
0.725490
1.000000
0.443137
0.000000
0.000000
0.623529
0.937255
0.984314
0.752941
0.976471
0.415686
0.000000
0.000000
0.000000
0.000000
0.000000
0.462745
0.984314
0.149020
0.000000
0.000000
0.000000
0.000000
0.411765
0.894118
0.756863
0.000000
0.000000
0.000000
0.905882
1.000000
0.968627
0.784314
0.164706
0.000000
